# timestamp (sec),tracking,propagation,msckf update,slam update,slam delayed,re-tri & marg,total
1663693133.965890645980835,0.00240,0.00018,0.00001,0.00000,0.00000,0.00231,0.00490
1663693134.007543325424194,0.00173,0.00011,0.00001,0.00000,0.00129,0.00018,0.00333
1663693134.040824174880981,0.00179,0.00012,0.00001,0.00013,0.00000,0.00010,0.00215
1663693134.073490619659424,0.00167,0.00010,0.00002,0.00011,0.00007,0.00011,0.00208
1663693134.107466459274292,0.00227,0.00011,0.00003,0.00015,0.00000,0.00017,0.00273
1663693134.140133380889893,0.00183,0.00011,0.00000,0.00012,0.00000,0.00015,0.00222
1663693134.172930955886841,0.00191,0.00010,0.00002,0.00010,0.00010,0.00016,0.00239
1663693134.205721616744995,0.00126,0.00011,0.00000,0.00014,0.00000,0.00016,0.00167
1663693134.239016294479370,0.00180,0.00011,0.00001,0.00013,0.00007,0.00014,0.00225
1663693134.272423267364502,0.00132,0.00011,0.00000,0.00012,0.00000,0.00018,0.00173
1663693134.305645227432251,0.00183,0.00011,0.00003,0.00010,0.00077,0.00013,0.00297
1663693134.339052438735962,0.00134,0.00011,0.00000,0.00015,0.00000,0.00015,0.00175
1663693134.372406005859375,0.00293,0.00015,0.00003,0.00012,0.00000,0.00018,0.00340
1663693134.405501127243042,0.00239,0.00011,0.00004,0.00008,0.00005,0.00015,0.00283
1663693134.439139127731323,0.00207,0.00011,0.00004,0.00011,0.00000,0.00016,0.00249
1663693134.472053050994873,0.00183,0.00011,0.00019,0.00007,0.00000,0.00016,0.00235
1663693134.505638837814331,0.00131,0.00011,0.00001,0.00008,0.00004,0.00024,0.00178
1663693134.539310455322266,0.00152,0.00010,0.00003,0.00008,0.00000,0.00019,0.00192
1663693134.572730541229248,0.00145,0.00011,0.00004,0.00008,0.00000,0.00016,0.00183
1663693134.605931520462036,0.00179,0.00011,0.00014,0.00006,0.00038,0.00018,0.00266
1663693134.640649318695068,0.00183,0.00011,0.00001,0.00008,0.00110,0.00015,0.00327
1663693134.673939228057861,0.00158,0.00011,0.00002,0.00014,0.00000,0.00020,0.00207
1663693134.706918478012085,0.00128,0.00011,0.00002,0.00012,0.00000,0.00019,0.00172
1663693134.740601778030396,0.00160,0.00011,0.00000,0.00012,0.00000,0.00016,0.00198
1663693134.774033784866333,0.00223,0.00011,0.00013,0.00004,0.00005,0.00015,0.00271
1663693134.807368755340576,0.00153,0.00011,0.00013,0.00006,0.00000,0.00017,0.00200
1663693134.841047525405884,0.00256,0.00011,0.00000,0.00008,0.00000,0.00018,0.00294
1663693134.874474287033081,0.00188,0.00010,0.00001,0.00004,0.00004,0.00016,0.00223
1663693134.906595706939697,0.00174,0.00013,0.00002,0.00000,0.00486,0.00014,0.00689
1663693134.938734054565430,0.00202,0.00015,0.00021,0.00070,0.00138,0.00015,0.00461
1663693134.972110748291016,0.00208,0.00012,0.00002,0.00095,0.00000,0.00014,0.00332
1663693135.004729509353638,0.00180,0.00014,0.00036,0.00091,0.00000,0.00013,0.00335
1663693135.037655591964722,0.00139,0.00012,0.00002,0.00094,0.00209,0.00012,0.00469
1663693135.070986509323120,0.00185,0.00012,0.00002,0.00129,0.00000,0.00015,0.00344
1663693135.104293346405029,0.00190,0.00012,0.00002,0.00128,0.00001,0.00012,0.00346
1663693135.137425899505615,0.00168,0.00012,0.00002,0.00118,0.00000,0.00011,0.00311
1663693135.170554876327515,0.00145,0.00013,0.00003,0.00118,0.00050,0.00022,0.00351
1663693135.203654289245605,0.00137,0.00012,0.00011,0.00132,0.00127,0.00019,0.00438
1663693135.236480474472046,0.00142,0.00013,0.00004,0.00169,0.00050,0.00012,0.00390
1663693135.269799947738647,0.00268,0.00013,0.00001,0.00192,0.00029,0.00013,0.00516
1663693135.303174495697021,0.00172,0.00017,0.00003,0.00182,0.00002,0.00013,0.00390
1663693135.336184501647949,0.00138,0.00013,0.00011,0.00188,0.00009,0.00011,0.00371
1663693135.369688510894775,0.00218,0.00014,0.00033,0.00203,0.00000,0.00014,0.00482
1663693135.403142690658569,0.00195,0.00015,0.00061,0.00182,0.00279,0.00010,0.00742
1663693135.436256408691406,0.00191,0.00030,0.00005,0.00257,0.00000,0.00022,0.00505
1663693135.470008850097656,0.00177,0.00015,0.00001,0.00262,0.00000,0.00017,0.00473
1663693135.503231287002563,0.00149,0.00013,0.00001,0.00236,0.00000,0.00040,0.00439
1663693135.536549329757690,0.00194,0.00014,0.00006,0.00191,0.00000,0.00012,0.00417
1663693135.570100784301758,0.00183,0.00013,0.00006,0.00200,0.00002,0.00013,0.00418
1663693135.603474140167236,0.00170,0.00013,0.00007,0.00181,0.00011,0.00011,0.00394
1663693135.636578321456909,0.00179,0.00013,0.00003,0.00180,0.00000,0.00011,0.00386
1663693135.669771194458008,0.00152,0.00013,0.00006,0.00162,0.00000,0.00015,0.00348
1663693135.703238010406494,0.00142,0.00014,0.00004,0.00141,0.00000,0.00019,0.00319
1663693135.736655712127686,0.00143,0.00013,0.00001,0.00140,0.00000,0.00016,0.00313
1663693135.769851446151733,0.00154,0.00013,0.00005,0.00122,0.00000,0.00015,0.00309
1663693135.803388833999634,0.00197,0.00014,0.00002,0.00115,0.00000,0.00014,0.00342
1663693135.836537599563599,0.00203,0.00015,0.00004,0.00104,0.00115,0.00011,0.00452
1663693135.869754791259766,0.00148,0.00012,0.00001,0.00134,0.00000,0.00011,0.00305
1663693135.903347015380859,0.00161,0.00015,0.00007,0.00104,0.00011,0.00013,0.00311
1663693135.936671018600464,0.00214,0.00023,0.00006,0.00108,0.00272,0.00014,0.00637
1663693135.969978094100952,0.00189,0.00022,0.00004,0.00222,0.00000,0.00045,0.00483
1663693136.003643512725830,0.00193,0.00013,0.00005,0.00175,0.00000,0.00016,0.00403
1663693136.037074327468872,0.00142,0.00013,0.00001,0.00172,0.00000,0.00014,0.00342
1663693136.070376873016357,0.00162,0.00012,0.00001,0.00178,0.00000,0.00013,0.00365
1663693136.103998184204102,0.00144,0.00013,0.00004,0.00210,0.00000,0.00016,0.00387
1663693136.137365579605103,0.00137,0.00015,0.00001,0.00176,0.00000,0.00012,0.00341
1663693136.170482158660889,0.00143,0.00013,0.00004,0.00184,0.00097,0.00011,0.00453
1663693136.203961849212646,0.00148,0.00013,0.00001,0.00230,0.00004,0.00019,0.00414
1663693136.237314701080322,0.00160,0.00013,0.00003,0.00183,0.00003,0.00015,0.00378
1663693136.270430326461792,0.00261,0.00013,0.00003,0.00298,0.00002,0.00016,0.00594
1663693136.303980827331543,0.00168,0.00014,0.00001,0.00190,0.00000,0.00020,0.00392
1663693136.337392807006836,0.00139,0.00013,0.00001,0.00180,0.00000,0.00011,0.00344
1663693136.370790243148804,0.00133,0.00013,0.00001,0.00188,0.00003,0.00015,0.00352
1663693136.403992891311646,0.00239,0.00014,0.00005,0.00208,0.00000,0.00010,0.00476
1663693136.437278985977173,0.00181,0.00014,0.00004,0.00219,0.00000,0.00014,0.00432
1663693136.470651388168335,0.00237,0.00015,0.00005,0.00175,0.00004,0.00032,0.00468
1663693136.503908395767212,0.00203,0.00018,0.00006,0.00176,0.00004,0.00015,0.00422
1663693136.537431955337524,0.00182,0.00013,0.00003,0.00185,0.00004,0.00018,0.00405
1663693136.570686817169189,0.00176,0.00013,0.00002,0.00176,0.00049,0.00015,0.00430
1663693136.603765249252319,0.00226,0.00012,0.00000,0.00171,0.00000,0.00009,0.00420
1663693136.637277126312256,0.00239,0.00014,0.00003,0.00185,0.00000,0.00015,0.00456
1663693136.670672416687012,0.00162,0.00013,0.00001,0.00183,0.00000,0.00013,0.00371
1663693136.703789949417114,0.00148,0.00013,0.00003,0.00188,0.00000,0.00013,0.00365
1663693136.737248182296753,0.00147,0.00014,0.00001,0.00172,0.00003,0.00014,0.00351
1663693136.770721912384033,0.00173,0.00012,0.00004,0.00205,0.00005,0.00018,0.00418
1663693136.803803205490112,0.00152,0.00015,0.00002,0.00181,0.00057,0.00014,0.00421
1663693136.837262630462646,0.00206,0.00013,0.00006,0.00171,0.00002,0.00012,0.00411
1663693136.870635271072388,0.00171,0.00015,0.00003,0.00205,0.00000,0.00011,0.00405
1663693136.903746843338013,0.00132,0.00012,0.00003,0.00175,0.00000,0.00013,0.00336
1663693136.937231063842773,0.00135,0.00013,0.00003,0.00174,0.00000,0.00010,0.00335
1663693136.970636606216431,0.00230,0.00013,0.00005,0.00225,0.00000,0.00018,0.00490
1663693137.003741502761841,0.00215,0.00016,0.00004,0.00180,0.00000,0.00015,0.00431
1663693137.037227869033813,0.00240,0.00013,0.00004,0.00175,0.00000,0.00016,0.00448
1663693137.070583820343018,0.00198,0.00014,0.00002,0.00228,0.00140,0.00017,0.00599
1663693137.103971958160400,0.00150,0.00013,0.00001,0.00196,0.00043,0.00013,0.00416
1663693137.137036561965942,0.00143,0.00013,0.00007,0.00185,0.00046,0.00010,0.00404
1663693137.170472145080566,0.00205,0.00028,0.00006,0.00194,0.00029,0.00015,0.00477
1663693137.203809976577759,0.00151,0.00013,0.00004,0.00180,0.00000,0.00010,0.00359
1663693137.236956834793091,0.00173,0.00014,0.00025,0.00186,0.00027,0.00014,0.00439
1663693137.270374059677124,0.00128,0.00012,0.00001,0.00194,0.00000,0.00015,0.00351
1663693137.303757667541504,0.00150,0.00015,0.00005,0.00198,0.00000,0.00015,0.00383
1663693137.336805343627930,0.00233,0.00015,0.00004,0.00181,0.00000,0.00016,0.00449
1663693137.370278358459473,0.00150,0.00014,0.00006,0.00172,0.00001,0.00015,0.00357
1663693137.403652906417847,0.00157,0.00013,0.00003,0.00182,0.00044,0.00013,0.00412
1663693137.436810255050659,0.00161,0.00014,0.00001,0.00182,0.00096,0.00017,0.00471
1663693137.470308542251587,0.00160,0.00013,0.00001,0.00193,0.00000,0.00010,0.00377
1663693137.503702402114868,0.00196,0.00014,0.00001,0.00209,0.00092,0.00013,0.00525
1663693137.536825895309448,0.00214,0.00013,0.00005,0.00185,0.00049,0.00014,0.00479
1663693137.570338964462280,0.00140,0.00015,0.00001,0.00228,0.00000,0.00021,0.00405
1663693137.603685379028320,0.00155,0.00015,0.00006,0.00208,0.00000,0.00015,0.00399
1663693137.636862039566040,0.00150,0.00053,0.00003,0.00206,0.00000,0.00014,0.00426
1663693137.670291900634766,0.00150,0.00015,0.00001,0.00223,0.00053,0.00016,0.00458
1663693137.703670978546143,0.00125,0.00013,0.00001,0.00220,0.00073,0.00013,0.00446
1663693137.736909866333008,0.00172,0.00015,0.00003,0.00191,0.00000,0.00009,0.00390
1663693137.770141124725342,0.00299,0.00015,0.00006,0.00199,0.00002,0.00015,0.00535
1663693137.803619146347046,0.00171,0.00013,0.00003,0.00202,0.00064,0.00017,0.00470
1663693137.836967468261719,0.00147,0.00014,0.00003,0.00189,0.00000,0.00013,0.00365
1663693137.870208501815796,0.00174,0.00013,0.00001,0.00196,0.00000,0.00014,0.00398
1663693137.903604507446289,0.00140,0.00013,0.00001,0.00191,0.00000,0.00012,0.00356
1663693137.936937332153320,0.00147,0.00013,0.00001,0.00189,0.00000,0.00013,0.00362
1663693137.970062732696533,0.00140,0.00014,0.00006,0.00187,0.00000,0.00015,0.00361
1663693138.003545284271240,0.00193,0.00014,0.00001,0.00191,0.00052,0.00012,0.00462
1663693138.036878585815430,0.00212,0.00013,0.00005,0.00182,0.00027,0.00012,0.00451
1663693138.069982290267944,0.00277,0.00013,0.00007,0.00181,0.00069,0.00018,0.00565
1663693138.103507995605469,0.00210,0.00015,0.00023,0.00154,0.00025,0.00017,0.00445
1663693138.136826753616333,0.00180,0.00012,0.00001,0.00165,0.00000,0.00017,0.00376
1663693138.169941425323486,0.00231,0.00013,0.00001,0.00170,0.00000,0.00024,0.00439
1663693138.203444957733154,0.00173,0.00015,0.00001,0.00157,0.00000,0.00015,0.00361
1663693138.236783504486084,0.00180,0.00012,0.00001,0.00153,0.00000,0.00017,0.00364
1663693138.269901037216187,0.00157,0.00012,0.00002,0.00144,0.00000,0.00012,0.00328
1663693138.303549289703369,0.00144,0.00015,0.00001,0.00143,0.00019,0.00014,0.00335
1663693138.336896419525146,0.00205,0.00016,0.00001,0.00146,0.00831,0.00016,0.01214
1663693138.370027780532837,0.00170,0.00016,0.00001,0.00432,0.00000,0.00016,0.00635
1663693138.403527498245239,0.00146,0.00016,0.00001,0.00310,0.00000,0.00025,0.00498
1663693138.436889648437500,0.00159,0.00015,0.00003,0.00316,0.00000,0.00014,0.00506
1663693138.470144510269165,0.00150,0.00014,0.00001,0.00307,0.00000,0.00016,0.00487
1663693138.503412246704102,0.00140,0.00015,0.00009,0.00301,0.00000,0.00016,0.00482
1663693138.536921024322510,0.00144,0.00015,0.00001,0.00292,0.00000,0.00011,0.00463
1663693138.570343732833862,0.00189,0.00019,0.00003,0.00241,0.00000,0.00016,0.00468
1663693138.603441953659058,0.00204,0.00016,0.00018,0.00197,0.00023,0.00023,0.00481
1663693138.636916160583496,0.00199,0.00013,0.00002,0.00196,0.00004,0.00016,0.00431
1663693138.670310258865356,0.00301,0.00013,0.00001,0.00196,0.00000,0.00017,0.00528
1663693138.703454256057739,0.00158,0.00014,0.00001,0.00198,0.00000,0.00014,0.00384
1663693138.736959695816040,0.00151,0.00013,0.00009,0.00169,0.00000,0.00012,0.00355
1663693138.770374298095703,0.00256,0.00021,0.00006,0.00176,0.00002,0.00019,0.00480
1663693138.803486585617065,0.00154,0.00015,0.00003,0.00163,0.00000,0.00012,0.00347
1663693138.836989879608154,0.00138,0.00013,0.00001,0.00164,0.00000,0.00012,0.00328
1663693138.870344161987305,0.00208,0.00012,0.00001,0.00156,0.00000,0.00020,0.00397
1663693138.903411388397217,0.00155,0.00014,0.00003,0.00171,0.00140,0.00017,0.00501
1663693138.936880588531494,0.00132,0.00014,0.00001,0.00167,0.00090,0.00013,0.00417
1663693138.970232248306274,0.00159,0.00017,0.00005,0.00166,0.00002,0.00015,0.00364
1663693139.003340959548950,0.00170,0.00013,0.00007,0.00158,0.00000,0.00012,0.00360
1663693139.036833524703979,0.00142,0.00013,0.00006,0.00127,0.00000,0.00012,0.00300
1663693139.070243120193481,0.00151,0.00012,0.00005,0.00115,0.00011,0.00015,0.00310
1663693139.103382825851440,0.00245,0.00015,0.00008,0.00108,0.00001,0.00031,0.00406
1663693139.136906862258911,0.00247,0.00013,0.00013,0.00074,0.00001,0.00018,0.00365
1663693139.170248031616211,0.00297,0.00016,0.00006,0.00074,0.00002,0.00020,0.00415
1663693139.203504323959351,0.00186,0.00013,0.00008,0.00062,0.00021,0.00018,0.00308
1663693139.236761093139648,0.00214,0.00011,0.00003,0.00056,0.00000,0.00017,0.00302
1663693139.270254611968994,0.00172,0.00012,0.00006,0.00057,0.00000,0.00016,0.00263
1663693139.303657054901123,0.00194,0.00011,0.00028,0.00044,0.00002,0.00014,0.00294
1663693139.336865186691284,0.00263,0.00011,0.00015,0.00038,0.00088,0.00014,0.00428
1663693139.370221853256226,0.00239,0.00013,0.00026,0.00047,0.00009,0.00015,0.00348
1663693139.403636693954468,0.00176,0.00012,0.00027,0.00041,0.00003,0.00019,0.00279
1663693139.436825513839722,0.00226,0.00011,0.00001,0.00036,0.00130,0.00019,0.00423
1663693139.470343351364136,0.00167,0.00012,0.00017,0.00051,0.00001,0.00019,0.00268
1663693139.503759860992432,0.00183,0.00014,0.00001,0.00057,0.00000,0.00016,0.00272
1663693139.536819219589233,0.00182,0.00011,0.00010,0.00045,0.00000,0.00014,0.00263
1663693139.570322751998901,0.00227,0.00012,0.00031,0.00045,0.00000,0.00017,0.00332
1663693139.603713989257812,0.00177,0.00013,0.00019,0.00041,0.00215,0.00019,0.00484
1663693139.636817932128906,0.00167,0.00012,0.00013,0.00067,0.00109,0.00015,0.00382
1663693139.670336484909058,0.00242,0.00015,0.00024,0.00077,0.00048,0.00020,0.00426
1663693139.703720092773438,0.00224,0.00013,0.00013,0.00073,0.00002,0.00017,0.00342
1663693139.736855268478394,0.00173,0.00013,0.00016,0.00079,0.00046,0.00014,0.00340
1663693139.770366430282593,0.00220,0.00015,0.00037,0.00071,0.00043,0.00012,0.00398
1663693139.803710222244263,0.00171,0.00017,0.00016,0.00065,0.00123,0.00014,0.00406
1663693139.836803674697876,0.00189,0.00016,0.00010,0.00087,0.00002,0.00013,0.00318
1663693139.870344400405884,0.00234,0.00013,0.00004,0.00066,0.00008,0.00016,0.00342
1663693139.903754234313965,0.00185,0.00012,0.00021,0.00076,0.00010,0.00017,0.00322
1663693139.937010526657104,0.00172,0.00012,0.00022,0.00071,0.00000,0.00018,0.00294
1663693139.970250606536865,0.00175,0.00012,0.00029,0.00083,0.00027,0.00017,0.00344
1663693140.003730535507202,0.00142,0.00012,0.00011,0.00079,0.00073,0.00036,0.00353
1663693140.037073373794556,0.00161,0.00012,0.00040,0.00073,0.00022,0.00015,0.00323
1663693140.070204496383667,0.00151,0.00013,0.00070,0.00069,0.00002,0.00015,0.00320
1663693140.103709697723389,0.00142,0.00012,0.00004,0.00091,0.00065,0.00020,0.00334
1663693140.137125253677368,0.00177,0.00012,0.00034,0.00066,0.00214,0.00016,0.00520
1663693140.170271158218384,0.00351,0.00017,0.00037,0.00112,0.00000,0.00018,0.00535
1663693140.203816413879395,0.00243,0.00013,0.00005,0.00094,0.00011,0.00018,0.00384
1663693140.237191438674927,0.00212,0.00013,0.00007,0.00094,0.00009,0.00017,0.00352
1663693140.270377159118652,0.00193,0.00012,0.00004,0.00102,0.00023,0.00017,0.00350
1663693140.303878068923950,0.00135,0.00013,0.00003,0.00139,0.00001,0.00017,0.00307
1663693140.337253570556641,0.00195,0.00012,0.00016,0.00091,0.00000,0.00015,0.00329
1663693140.370404481887817,0.00206,0.00015,0.00009,0.00082,0.00027,0.00015,0.00355
1663693140.404000759124756,0.00195,0.00017,0.00004,0.00086,0.00154,0.00015,0.00471
1663693140.437373638153076,0.00165,0.00014,0.00006,0.00123,0.00115,0.00014,0.00437
1663693140.470539331436157,0.00190,0.00013,0.00001,0.00159,0.00000,0.00014,0.00376
1663693140.504060506820679,0.00141,0.00012,0.00003,0.00145,0.00063,0.00017,0.00382
1663693140.537441968917847,0.00140,0.00013,0.00001,0.00166,0.00000,0.00015,0.00334
1663693140.570698976516724,0.00153,0.00013,0.00003,0.00150,0.00000,0.00017,0.00337
1663693140.604012012481689,0.00139,0.00012,0.00002,0.00117,0.00075,0.00013,0.00358
1663693140.637460947036743,0.00180,0.00013,0.00006,0.00120,0.00002,0.00014,0.00335
1663693140.670902967453003,0.00167,0.00012,0.00003,0.00127,0.00207,0.00025,0.00540
1663693140.704030275344849,0.00202,0.00013,0.00008,0.00126,0.00032,0.00017,0.00396
1663693140.737524747848511,0.00166,0.00013,0.00022,0.00139,0.00026,0.00014,0.00380
1663693140.770910739898682,0.00180,0.00015,0.00002,0.00115,0.00000,0.00016,0.00329
1663693140.804043531417847,0.00208,0.00015,0.00024,0.00086,0.00049,0.00016,0.00398
1663693140.837524414062500,0.00194,0.00016,0.00003,0.00106,0.00001,0.00014,0.00333
1663693140.870907783508301,0.00166,0.00012,0.00046,0.00083,0.00000,0.00017,0.00324
1663693140.904055356979370,0.00150,0.00019,0.00026,0.00072,0.00001,0.00015,0.00283
1663693140.937542200088501,0.00174,0.00012,0.00018,0.00072,0.00000,0.00018,0.00294
1663693140.970961570739746,0.00185,0.00014,0.00004,0.00064,0.00025,0.00020,0.00311
1663693141.004075050354004,0.00152,0.00013,0.00008,0.00067,0.00001,0.00015,0.00256
1663693141.037523269653320,0.00164,0.00012,0.00004,0.00050,0.00309,0.00014,0.00554
1663693141.070918321609497,0.00143,0.00012,0.00015,0.00127,0.00000,0.00014,0.00312
1663693141.104028701782227,0.00143,0.00015,0.00007,0.00128,0.00084,0.00012,0.00389
1663693141.137493371963501,0.00203,0.00013,0.00001,0.00151,0.00026,0.00011,0.00404
1663693141.170865535736084,0.00220,0.00014,0.00001,0.00196,0.00000,0.00016,0.00447
1663693141.203935861587524,0.00236,0.00014,0.00034,0.00180,0.00067,0.00016,0.00547
1663693141.237426280975342,0.00230,0.00013,0.00001,0.00184,0.00000,0.00013,0.00441
1663693141.270772695541382,0.00224,0.00024,0.00002,0.00190,0.00000,0.00014,0.00454
1663693141.304059743881226,0.00144,0.00045,0.00002,0.00171,0.00288,0.00015,0.00665
1663693141.337320089340210,0.00172,0.00014,0.00004,0.00204,0.00000,0.00019,0.00413
1663693141.370851755142212,0.00129,0.00014,0.00007,0.00218,0.00001,0.00021,0.00389
1663693141.404205799102783,0.00139,0.00019,0.00005,0.00202,0.00000,0.00012,0.00377
1663693141.437322378158569,0.00130,0.00015,0.00003,0.00209,0.00000,0.00017,0.00374
1663693141.470819234848022,0.00177,0.00013,0.00003,0.00210,0.00000,0.00020,0.00423
1663693141.504213094711304,0.00181,0.00014,0.00024,0.00194,0.00000,0.00013,0.00427
1663693141.537284135818481,0.00184,0.00013,0.00056,0.00167,0.00026,0.00014,0.00459
1663693141.570829868316650,0.00175,0.00012,0.00005,0.00173,0.00001,0.00020,0.00387
1663693141.604153156280518,0.00209,0.00019,0.00002,0.00150,0.00004,0.00016,0.00399
1663693141.637263298034668,0.00163,0.00013,0.00004,0.00137,0.00000,0.00017,0.00333
1663693141.670769453048706,0.00235,0.00012,0.00000,0.00115,0.00000,0.00020,0.00383
1663693141.704110145568848,0.00145,0.00013,0.00006,0.00096,0.00003,0.00014,0.00278
1663693141.737231492996216,0.00218,0.00028,0.00001,0.00099,0.00000,0.00017,0.00362
1663693141.770784139633179,0.00176,0.00014,0.00004,0.00098,0.00536,0.00018,0.00847
1663693141.804152488708496,0.00205,0.00013,0.00003,0.00202,0.00000,0.00014,0.00437
1663693141.837253808975220,0.00175,0.00013,0.00001,0.00198,0.00046,0.00018,0.00451
1663693141.870753049850464,0.00158,0.00015,0.00011,0.00204,0.00002,0.00016,0.00407
1663693141.904118776321411,0.00133,0.00015,0.00003,0.00154,0.00000,0.00012,0.00317
1663693141.937227725982666,0.00200,0.00015,0.00003,0.00147,0.00000,0.00012,0.00378
1663693141.970713853836060,0.00199,0.00020,0.00023,0.00143,0.00000,0.00014,0.00399
1663693142.004098653793335,0.00153,0.00014,0.00005,0.00121,0.00044,0.00013,0.00350
1663693142.037365674972534,0.00210,0.00014,0.00005,0.00150,0.00001,0.00017,0.00399
1663693142.070656299591064,0.00131,0.00013,0.00001,0.00128,0.00003,0.00012,0.00288
1663693142.104130506515503,0.00173,0.00012,0.00001,0.00114,0.00000,0.00017,0.00317
1663693142.137480735778809,0.00133,0.00012,0.00017,0.00114,0.00001,0.00016,0.00293
1663693142.170609474182129,0.00131,0.00012,0.00001,0.00113,0.00003,0.00011,0.00272
1663693142.204119443893433,0.00172,0.00013,0.00004,0.00110,0.00130,0.00011,0.00438
1663693142.237485408782959,0.00266,0.00015,0.00002,0.00149,0.00002,0.00012,0.00447
1663693142.270623922348022,0.00224,0.00012,0.00001,0.00136,0.00054,0.00013,0.00441
1663693142.304119586944580,0.00242,0.00013,0.00003,0.00142,0.00006,0.00015,0.00421
1663693142.337522745132446,0.00167,0.00014,0.00001,0.00137,0.00047,0.00011,0.00378
1663693142.370650053024292,0.00194,0.00014,0.00004,0.00123,0.00004,0.00016,0.00355
1663693142.404177665710449,0.00180,0.00012,0.00004,0.00117,0.00003,0.00011,0.00328
1663693142.437555074691772,0.00154,0.00013,0.00001,0.00098,0.00044,0.00010,0.00320
1663693142.470780134201050,0.00164,0.00013,0.00004,0.00100,0.00005,0.00013,0.00299
1663693142.504223108291626,0.00151,0.00015,0.00001,0.00106,0.00000,0.00011,0.00286
1663693142.537560224533081,0.00167,0.00012,0.00004,0.00102,0.00040,0.00013,0.00337
1663693142.570778369903564,0.00207,0.00012,0.00001,0.00103,0.00003,0.00014,0.00340
1663693142.604199171066284,0.00145,0.00012,0.00002,0.00103,0.00076,0.00014,0.00352
1663693142.637553215026855,0.00168,0.00013,0.00001,0.00125,0.00000,0.00015,0.00323
1663693142.670681238174438,0.00163,0.00013,0.00003,0.00112,0.00079,0.00014,0.00384
1663693142.704169750213623,0.00209,0.00015,0.00004,0.00120,0.00104,0.00017,0.00469
1663693142.737536668777466,0.00140,0.00016,0.00023,0.00109,0.00000,0.00013,0.00301
1663693142.770851612091064,0.00207,0.00016,0.00003,0.00100,0.00099,0.00022,0.00448
1663693142.804069519042969,0.00179,0.00013,0.00002,0.00118,0.00004,0.00018,0.00334
1663693142.837587594985962,0.00138,0.00012,0.00001,0.00112,0.00308,0.00015,0.00586
1663693142.870962619781494,0.00158,0.00013,0.00001,0.00203,0.00000,0.00014,0.00388
1663693142.904103755950928,0.00145,0.00013,0.00001,0.00207,0.00055,0.00016,0.00437
1663693142.937588453292847,0.00150,0.00013,0.00001,0.00206,0.00000,0.00014,0.00384
1663693142.970958232879639,0.00150,0.00014,0.00001,0.00251,0.00000,0.00021,0.00436
1663693143.004077672958374,0.00149,0.00013,0.00001,0.00215,0.00000,0.00009,0.00387
1663693143.037578821182251,0.00135,0.00013,0.00001,0.00213,0.00000,0.00015,0.00376
1663693143.070991277694702,0.00129,0.00013,0.00001,0.00206,0.00005,0.00015,0.00369
1663693143.104080915451050,0.00129,0.00013,0.00001,0.00209,0.00003,0.00016,0.00371
1663693143.137569904327393,0.00156,0.00013,0.00004,0.00209,0.00027,0.00013,0.00422
1663693143.170967340469360,0.00149,0.00014,0.00003,0.00204,0.00002,0.00014,0.00386
1663693143.204080343246460,0.00123,0.00013,0.00001,0.00200,0.00000,0.00013,0.00349
1663693143.237572908401489,0.00210,0.00016,0.00001,0.00195,0.00000,0.00014,0.00436
1663693143.270978450775146,0.00156,0.00016,0.00005,0.00205,0.00000,0.00012,0.00395
1663693143.304111957550049,0.00201,0.00013,0.00003,0.00251,0.00000,0.00013,0.00482
1663693143.337581396102905,0.00214,0.00020,0.00001,0.00188,0.00000,0.00015,0.00439
1663693143.370934724807739,0.00170,0.00013,0.00006,0.00252,0.00006,0.00030,0.00477
1663693143.404105901718140,0.00170,0.00013,0.00015,0.00196,0.00003,0.00014,0.00411
1663693143.437572956085205,0.00220,0.00013,0.00001,0.00185,0.00000,0.00014,0.00433
1663693143.470942974090576,0.00199,0.00014,0.00001,0.00202,0.00003,0.00013,0.00433
1663693143.504198312759399,0.00187,0.00013,0.00001,0.00195,0.00164,0.00014,0.00575
1663693143.537444591522217,0.00163,0.00014,0.00001,0.00208,0.00000,0.00010,0.00396
1663693143.570987939834595,0.00157,0.00013,0.00001,0.00212,0.00000,0.00013,0.00395
1663693143.604326009750366,0.00178,0.00013,0.00007,0.00218,0.00000,0.00012,0.00430
1663693143.637449979782104,0.00180,0.00014,0.00003,0.00201,0.00000,0.00019,0.00417
1663693143.670954942703247,0.00149,0.00013,0.00004,0.00206,0.00014,0.00015,0.00402
1663693143.704341650009155,0.00231,0.00013,0.00001,0.00205,0.00000,0.00015,0.00465
1663693143.737466812133789,0.00132,0.00014,0.00001,0.00205,0.00000,0.00014,0.00366
1663693143.770973682403564,0.00146,0.00013,0.00002,0.00200,0.00003,0.00018,0.00383
1663693143.804336547851562,0.00167,0.00015,0.00001,0.00206,0.00004,0.00011,0.00404
1663693143.837456703186035,0.00154,0.00015,0.00005,0.00203,0.00000,0.00017,0.00394
1663693143.870964288711548,0.00155,0.00013,0.00002,0.00210,0.00000,0.00013,0.00394
1663693143.904341459274292,0.00133,0.00013,0.00001,0.00197,0.00000,0.00034,0.00378
1663693143.937457561492920,0.00189,0.00013,0.00001,0.00225,0.00000,0.00015,0.00442
1663693143.970973253250122,0.00169,0.00014,0.00001,0.00195,0.00015,0.00016,0.00409
1663693144.004454135894775,0.00193,0.00013,0.00001,0.00190,0.00000,0.00013,0.00409
1663693144.037457227706909,0.00177,0.00013,0.00004,0.00175,0.00000,0.00013,0.00382
1663693144.070990324020386,0.00142,0.00014,0.00003,0.00192,0.00004,0.00009,0.00365
1663693144.104371547698975,0.00183,0.00014,0.00001,0.00198,0.00003,0.00013,0.00412
1663693144.137599706649780,0.00181,0.00013,0.00003,0.00187,0.00001,0.00011,0.00396
1663693144.170860528945923,0.00178,0.00016,0.00001,0.00223,0.00000,0.00017,0.00435
1663693144.204360961914062,0.00177,0.00015,0.00001,0.00210,0.00000,0.00013,0.00417
1663693144.237761259078979,0.00132,0.00015,0.00001,0.00197,0.00000,0.00013,0.00357
1663693144.270880699157715,0.00166,0.00016,0.00001,0.00212,0.00015,0.00012,0.00421
1663693144.304363012313843,0.00208,0.00015,0.00001,0.00208,0.00000,0.00014,0.00445
1663693144.337735176086426,0.00190,0.00015,0.00001,0.00193,0.00000,0.00010,0.00408
1663693144.370865345001221,0.00125,0.00012,0.00001,0.00192,0.00005,0.00011,0.00346
1663693144.404372215270996,0.00152,0.00014,0.00001,0.00237,0.00003,0.00016,0.00422
1663693144.437789916992188,0.00186,0.00018,0.00001,0.00197,0.00033,0.00021,0.00456
1663693144.470877647399902,0.00164,0.00015,0.00001,0.00194,0.00000,0.00016,0.00389
1663693144.504376649856567,0.00164,0.00015,0.00003,0.00196,0.00000,0.00023,0.00401
1663693144.537812709808350,0.00215,0.00012,0.00001,0.00188,0.00000,0.00012,0.00429
1663693144.570871114730835,0.00149,0.00013,0.00001,0.00222,0.00010,0.00014,0.00408
1663693144.604375839233398,0.00152,0.00013,0.00001,0.00206,0.00000,0.00010,0.00381
1663693144.637733221054077,0.00216,0.00013,0.00001,0.00189,0.00000,0.00012,0.00430
1663693144.670927047729492,0.00159,0.00013,0.00001,0.00171,0.00005,0.00010,0.00359
1663693144.704368829727173,0.00185,0.00013,0.00003,0.00180,0.00004,0.00016,0.00402
1663693144.737745285034180,0.00160,0.00012,0.00001,0.00178,0.00000,0.00014,0.00364
1663693144.770876884460449,0.00165,0.00013,0.00001,0.00169,0.00000,0.00013,0.00360
1663693144.804393529891968,0.00166,0.00013,0.00002,0.00171,0.00001,0.00012,0.00364
1663693144.837753534317017,0.00163,0.00017,0.00001,0.00180,0.00000,0.00013,0.00373
1663693144.871015310287476,0.00209,0.00014,0.00001,0.00172,0.00097,0.00010,0.00504
1663693144.904271125793457,0.00156,0.00014,0.00001,0.00201,0.00000,0.00018,0.00389
1663693144.937755346298218,0.00224,0.00014,0.00001,0.00203,0.00000,0.00011,0.00453
1663693144.971175670623779,0.00193,0.00015,0.00001,0.00185,0.00005,0.00019,0.00417
1663693145.004223346710205,0.00223,0.00013,0.00001,0.00198,0.00048,0.00012,0.00495
1663693145.037743806838989,0.00140,0.00030,0.00010,0.00196,0.00000,0.00011,0.00388
1663693145.071125268936157,0.00196,0.00011,0.00001,0.00204,0.00000,0.00012,0.00424
1663693145.104249000549316,0.00206,0.00016,0.00006,0.00181,0.00026,0.00014,0.00449
1663693145.137730360031128,0.00143,0.00013,0.00001,0.00202,0.00000,0.00015,0.00373
1663693145.171157598495483,0.00167,0.00012,0.00001,0.00199,0.00085,0.00027,0.00492
1663693145.204222679138184,0.00156,0.00014,0.00031,0.00196,0.00001,0.00013,0.00412
1663693145.237722158432007,0.00178,0.00014,0.00004,0.00198,0.00000,0.00021,0.00414
1663693145.271106004714966,0.00160,0.00013,0.00020,0.00181,0.00013,0.00015,0.00403
1663693145.304241180419922,0.00205,0.00017,0.00003,0.00165,0.00000,0.00015,0.00405
1663693145.337744712829590,0.00168,0.00012,0.00003,0.00166,0.00492,0.00017,0.00858
1663693145.371128559112549,0.00251,0.00013,0.00001,0.00283,0.00000,0.00035,0.00582
1663693145.404253244400024,0.00142,0.00015,0.00001,0.00335,0.00000,0.00013,0.00505
1663693145.437741041183472,0.00229,0.00019,0.00003,0.00285,0.00000,0.00013,0.00549
1663693145.471131086349487,0.00158,0.00014,0.00002,0.00282,0.00000,0.00015,0.00471
1663693145.504284620285034,0.00130,0.00020,0.00001,0.00250,0.00049,0.00014,0.00463
1663693145.537767887115479,0.00142,0.00015,0.00001,0.00239,0.00000,0.00014,0.00411
1663693145.571273803710938,0.00158,0.00014,0.00002,0.00245,0.00014,0.00014,0.00448
1663693145.604390382766724,0.00129,0.00013,0.00001,0.00248,0.00000,0.00019,0.00410
1663693145.637653350830078,0.00151,0.00014,0.00001,0.00252,0.00000,0.00013,0.00431
1663693145.671167612075806,0.00138,0.00014,0.00004,0.00226,0.00000,0.00010,0.00394
1663693145.704530715942383,0.00125,0.00013,0.00005,0.00229,0.00002,0.00012,0.00385
1663693145.737641811370850,0.00171,0.00014,0.00001,0.00212,0.00000,0.00012,0.00410
1663693145.771152496337891,0.00205,0.00013,0.00001,0.00228,0.00000,0.00023,0.00469
1663693145.804602146148682,0.00134,0.00013,0.00001,0.00231,0.00000,0.00011,0.00390
1663693145.837642192840576,0.00160,0.00016,0.00003,0.00215,0.00000,0.00012,0.00407
1663693145.871181726455688,0.00154,0.00012,0.00001,0.00209,0.00055,0.00018,0.00448
1663693145.904556751251221,0.00165,0.00017,0.00001,0.00245,0.00000,0.00013,0.00442
1663693145.937657594680786,0.00154,0.00032,0.00016,0.00224,0.00000,0.00011,0.00437
1663693145.971181154251099,0.00264,0.00014,0.00001,0.00220,0.00000,0.00015,0.00515
1663693146.004534006118774,0.00255,0.00013,0.00004,0.00225,0.00011,0.00010,0.00519
1663693146.037675380706787,0.00194,0.00013,0.00002,0.00229,0.00000,0.00014,0.00452
1663693146.071193218231201,0.00200,0.00014,0.00001,0.00206,0.00000,0.00011,0.00432
1663693146.104573965072632,0.00184,0.00017,0.00001,0.00209,0.00000,0.00012,0.00424
1663693146.137703657150269,0.00157,0.00014,0.00004,0.00197,0.00000,0.00016,0.00388
1663693146.171220541000366,0.00174,0.00013,0.00002,0.00200,0.00011,0.00014,0.00413
1663693146.204599857330322,0.00161,0.00021,0.00002,0.00204,0.00000,0.00010,0.00398
1663693146.237718105316162,0.00148,0.00014,0.00019,0.00194,0.00000,0.00013,0.00388
1663693146.271228790283203,0.00148,0.00012,0.00005,0.00197,0.00000,0.00012,0.00376
1663693146.304599285125732,0.00195,0.00016,0.00001,0.00200,0.00012,0.00014,0.00437
1663693146.337846755981445,0.00132,0.00012,0.00004,0.00217,0.00000,0.00013,0.00378
1663693146.371116876602173,0.00178,0.00013,0.00000,0.00182,0.00000,0.00022,0.00396
1663693146.404619932174683,0.00129,0.00013,0.00004,0.00169,0.00000,0.00034,0.00350
1663693146.437995433807373,0.00142,0.00014,0.00063,0.00194,0.00000,0.00014,0.00427
1663693146.471143484115601,0.00192,0.00013,0.00001,0.00177,0.00306,0.00011,0.00700
1663693146.504653215408325,0.00142,0.00015,0.00001,0.00223,0.00000,0.00011,0.00392
1663693146.538029432296753,0.00133,0.00013,0.00001,0.00225,0.00000,0.00011,0.00383
1663693146.571151733398438,0.00133,0.00013,0.00001,0.00227,0.00000,0.00012,0.00386
1663693146.604650259017944,0.00145,0.00013,0.00001,0.00232,0.00011,0.00012,0.00413
1663693146.638035058975220,0.00138,0.00014,0.00001,0.00231,0.00000,0.00012,0.00397
1663693146.671173095703125,0.00133,0.00013,0.00001,0.00234,0.00000,0.00018,0.00398
1663693146.704672574996948,0.00143,0.00013,0.00001,0.00225,0.00000,0.00011,0.00392
1663693146.738066673278809,0.00130,0.00017,0.00001,0.00213,0.00000,0.00013,0.00374
1663693146.771199703216553,0.00148,0.00012,0.00003,0.00220,0.00009,0.00011,0.00403
1663693146.804738283157349,0.00237,0.00013,0.00001,0.00146,0.00000,0.00009,0.00405
1663693146.838101625442505,0.00177,0.00013,0.00012,0.00129,0.00005,0.00012,0.00349
1663693146.871309995651245,0.00233,0.00012,0.00005,0.00101,0.00002,0.00012,0.00365
1663693146.904744148254395,0.00196,0.00012,0.00003,0.00107,0.00013,0.00015,0.00346
1663693146.938108444213867,0.00170,0.00012,0.00013,0.00091,0.00000,0.00017,0.00303
1663693146.971239566802979,0.00150,0.00011,0.00004,0.00078,0.00000,0.00016,0.00259
1663693147.004725456237793,0.00254,0.00012,0.00004,0.00072,0.00003,0.00016,0.00359
1663693147.038110971450806,0.00221,0.00013,0.00001,0.00074,0.00000,0.00015,0.00324
1663693147.071510314941406,0.00278,0.00011,0.00019,0.00070,0.00066,0.00016,0.00460
1663693147.104622125625610,0.00155,0.00012,0.00001,0.00089,0.00000,0.00016,0.00274
1663693147.138179302215576,0.00165,0.00011,0.00005,0.00067,0.00175,0.00010,0.00434
1663693147.171587944030762,0.00216,0.00015,0.00004,0.00122,0.00042,0.00015,0.00414
1663693147.204686641693115,0.00151,0.00011,0.00005,0.00101,0.00049,0.00015,0.00331
1663693147.238167047500610,0.00196,0.00013,0.00003,0.00100,0.00000,0.00013,0.00325
1663693147.271542787551880,0.00175,0.00014,0.00003,0.00095,0.00003,0.00014,0.00305
1663693147.304730892181396,0.00158,0.00013,0.00001,0.00091,0.00109,0.00015,0.00387
1663693147.338178873062134,0.00250,0.00012,0.00004,0.00113,0.00000,0.00015,0.00394
1663693147.371521949768066,0.00191,0.00014,0.00003,0.00112,0.00002,0.00014,0.00336
1663693147.404643297195435,0.00195,0.00014,0.00001,0.00119,0.00004,0.00017,0.00350
1663693147.438141822814941,0.00209,0.00012,0.00010,0.00100,0.00005,0.00014,0.00351
1663693147.471574783325195,0.00159,0.00012,0.00003,0.00091,0.00039,0.00016,0.00321
1663693147.504642724990845,0.00239,0.00014,0.00027,0.00120,0.00003,0.00015,0.00417
1663693147.538178682327271,0.00179,0.00012,0.00007,0.00074,0.00000,0.00015,0.00287
1663693147.571526288986206,0.00184,0.00014,0.00004,0.00068,0.00142,0.00016,0.00427
1663693147.604628324508667,0.00161,0.00015,0.00001,0.00133,0.00000,0.00015,0.00325
1663693147.638137102127075,0.00146,0.00012,0.00002,0.00090,0.00000,0.00015,0.00266
1663693147.671559333801270,0.00180,0.00011,0.00025,0.00088,0.00003,0.00020,0.00328
1663693147.704777479171753,0.00154,0.00014,0.00014,0.00083,0.00002,0.00016,0.00284
1663693147.738021612167358,0.00216,0.00012,0.00030,0.00058,0.00070,0.00016,0.00401
1663693147.771555423736572,0.00188,0.00012,0.00016,0.00066,0.00136,0.00015,0.00433
1663693147.804980754852295,0.00145,0.00014,0.00002,0.00100,0.00004,0.00014,0.00278
1663693147.838122606277466,0.00183,0.00012,0.00006,0.00077,0.00001,0.00015,0.00295
1663693147.871546983718872,0.00263,0.00012,0.00007,0.00067,0.00001,0.00016,0.00366
1663693147.904948949813843,0.00163,0.00011,0.00004,0.00064,0.00000,0.00013,0.00256
1663693147.938123464584351,0.00140,0.00011,0.00032,0.00054,0.00103,0.00015,0.00355
1663693147.971590042114258,0.00135,0.00012,0.00003,0.00068,0.00003,0.00014,0.00234
1663693148.004952192306519,0.00189,0.00017,0.00011,0.00057,0.00001,0.00020,0.00295
1663693148.038079738616943,0.00299,0.00017,0.00001,0.00060,0.00045,0.00018,0.00439
1663693148.071666240692139,0.00252,0.00013,0.00009,0.00060,0.00000,0.00014,0.00347
1663693148.104976654052734,0.00170,0.00013,0.00015,0.00048,0.00079,0.00016,0.00341
1663693148.138100624084473,0.00151,0.00012,0.00005,0.00058,0.00000,0.00017,0.00243
1663693148.171632766723633,0.00250,0.00011,0.00005,0.00046,0.00163,0.00015,0.00491
1663693148.204973220825195,0.00153,0.00014,0.00005,0.00075,0.00000,0.00017,0.00264
1663693148.238145589828491,0.00225,0.00011,0.00014,0.00063,0.00031,0.00015,0.00360
1663693148.271616458892822,0.00172,0.00013,0.00029,0.00056,0.00000,0.00021,0.00292
1663693148.304972410202026,0.00137,0.00011,0.00001,0.00061,0.00253,0.00015,0.00478
1663693148.338125705718994,0.00138,0.00015,0.00018,0.00106,0.00000,0.00014,0.00291
1663693148.371604204177856,0.00167,0.00012,0.00002,0.00086,0.00013,0.00015,0.00294
1663693148.404990911483765,0.00155,0.00015,0.00028,0.00087,0.00044,0.00013,0.00344
1663693148.438233375549316,0.00187,0.00012,0.00035,0.00099,0.00000,0.00017,0.00350
1663693148.471503496170044,0.00165,0.00012,0.00006,0.00082,0.00008,0.00015,0.00288
1663693148.504989862442017,0.00178,0.00012,0.00023,0.00082,0.00291,0.00012,0.00598
1663693148.538349390029907,0.00247,0.00020,0.00019,0.00166,0.00050,0.00016,0.00518
1663693148.571470260620117,0.00278,0.00015,0.00016,0.00236,0.00001,0.00020,0.00565
1663693148.604969263076782,0.00155,0.00013,0.00003,0.00156,0.00010,0.00012,0.00349
1663693148.638357400894165,0.00142,0.00013,0.00015,0.00146,0.00001,0.00017,0.00334
1663693148.671479225158691,0.00176,0.00012,0.00024,0.00130,0.00025,0.00014,0.00382
1663693148.704977512359619,0.00158,0.00013,0.00024,0.00133,0.00000,0.00016,0.00344
1663693148.738359928131104,0.00154,0.00012,0.00011,0.00100,0.00000,0.00016,0.00294
1663693148.771489620208740,0.00191,0.00012,0.00005,0.00099,0.00001,0.00017,0.00325
1663693148.804989576339722,0.00181,0.00012,0.00005,0.00087,0.00089,0.00020,0.00395
1663693148.838374853134155,0.00188,0.00013,0.00003,0.00102,0.00027,0.00017,0.00349
1663693148.871614694595337,0.00139,0.00012,0.00003,0.00102,0.00000,0.00014,0.00269
1663693148.905025482177734,0.00152,0.00015,0.00009,0.00109,0.00006,0.00015,0.00307
1663693148.938363075256348,0.00190,0.00012,0.00002,0.00095,0.00113,0.00014,0.00426
1663693148.971523046493530,0.00130,0.00013,0.00001,0.00133,0.00000,0.00015,0.00291
1663693149.005008935928345,0.00128,0.00012,0.00003,0.00132,0.00161,0.00015,0.00451
1663693149.038395404815674,0.00214,0.00016,0.00001,0.00188,0.00000,0.00019,0.00438
1663693149.071529626846313,0.00188,0.00014,0.00001,0.00172,0.00056,0.00023,0.00455
1663693149.105030298233032,0.00177,0.00013,0.00022,0.00166,0.00164,0.00014,0.00556
1663693149.138408184051514,0.00187,0.00013,0.00006,0.00186,0.00002,0.00011,0.00405
1663693149.171720743179321,0.00156,0.00017,0.00006,0.00186,0.00029,0.00020,0.00414
1663693149.204912424087524,0.00178,0.00015,0.00006,0.00176,0.00029,0.00017,0.00420
1663693149.238431215286255,0.00180,0.00015,0.00002,0.00187,0.00000,0.00014,0.00398
1663693149.271807193756104,0.00156,0.00014,0.00006,0.00169,0.00000,0.00014,0.00359
1663693149.304911136627197,0.00216,0.00013,0.00005,0.00159,0.00000,0.00014,0.00406
1663693149.338440418243408,0.00182,0.00013,0.00002,0.00136,0.00000,0.00016,0.00349
1663693149.371783494949341,0.00153,0.00012,0.00003,0.00132,0.00003,0.00016,0.00319
1663693149.404909372329712,0.00133,0.00013,0.00001,0.00143,0.00035,0.00013,0.00337
1663693149.438414812088013,0.00134,0.00012,0.00001,0.00143,0.00045,0.00015,0.00350
1663693149.471790790557861,0.00136,0.00012,0.00001,0.00151,0.00006,0.00014,0.00320
1663693149.504930257797241,0.00134,0.00014,0.00004,0.00136,0.00153,0.00013,0.00453
1663693149.538424015045166,0.00153,0.00013,0.00007,0.00174,0.00002,0.00013,0.00362
1663693149.571925640106201,0.00144,0.00012,0.00001,0.00179,0.00000,0.00021,0.00358
1663693149.604931354522705,0.00132,0.00013,0.00002,0.00155,0.00002,0.00013,0.00317
1663693149.638424873352051,0.00263,0.00013,0.00003,0.00155,0.00002,0.00015,0.00451
1663693149.671795129776001,0.00213,0.00012,0.00015,0.00146,0.00070,0.00014,0.00471
1663693149.704936504364014,0.00138,0.00013,0.00004,0.00172,0.00010,0.00015,0.00352
1663693149.738424301147461,0.00168,0.00014,0.00024,0.00168,0.00025,0.00014,0.00413
1663693149.771843433380127,0.00215,0.00015,0.00010,0.00101,0.00024,0.00015,0.00381
1663693149.804961681365967,0.00157,0.00011,0.00025,0.00082,0.00000,0.00015,0.00291
1663693149.838443040847778,0.00173,0.00012,0.00002,0.00085,0.00000,0.00017,0.00289
1663693149.871855974197388,0.00134,0.00011,0.00001,0.00086,0.00000,0.00017,0.00250
1663693149.905082941055298,0.00138,0.00015,0.00002,0.00087,0.00040,0.00016,0.00298
1663693149.938344240188599,0.00168,0.00012,0.00004,0.00094,0.00003,0.00016,0.00296
1663693149.971846342086792,0.00140,0.00012,0.00015,0.00072,0.00000,0.00014,0.00253
1663693150.005217552185059,0.00135,0.00011,0.00005,0.00072,0.00004,0.00021,0.00249
1663693150.038329839706421,0.00171,0.00011,0.00023,0.00053,0.00000,0.00014,0.00273
1663693150.071857213973999,0.00261,0.00011,0.00001,0.00062,0.00003,0.00014,0.00352
1663693150.105228424072266,0.00186,0.00012,0.00001,0.00058,0.00065,0.00013,0.00335
1663693150.138336420059204,0.00219,0.00018,0.00004,0.00062,0.00042,0.00017,0.00361
1663693150.171868324279785,0.00162,0.00012,0.00004,0.00070,0.00037,0.00017,0.00302
1663693150.205199956893921,0.00207,0.00012,0.00011,0.00072,0.00002,0.00015,0.00319
1663693150.238344430923462,0.00239,0.00012,0.00003,0.00065,0.00000,0.00014,0.00333
1663693150.271852254867554,0.00148,0.00012,0.00005,0.00050,0.00000,0.00016,0.00231
1663693150.305228471755981,0.00161,0.00011,0.00004,0.00046,0.00000,0.00014,0.00236
1663693150.338356256484985,0.00166,0.00012,0.00002,0.00044,0.00074,0.00014,0.00311
1663693150.371860980987549,0.00216,0.00012,0.00007,0.00051,0.00102,0.00015,0.00403
1663693150.405226469039917,0.00135,0.00011,0.00004,0.00073,0.00037,0.00014,0.00274
1663693150.438362836837769,0.00148,0.00013,0.00003,0.00077,0.00040,0.00013,0.00293
1663693150.471866369247437,0.00173,0.00012,0.00005,0.00091,0.00039,0.00010,0.00330
1663693150.505282402038574,0.00148,0.00012,0.00001,0.00106,0.00027,0.00011,0.00306
1663693150.538490295410156,0.00190,0.00012,0.00005,0.00098,0.00000,0.00013,0.00318
1663693150.571737766265869,0.00190,0.00012,0.00001,0.00102,0.00000,0.00017,0.00322
1663693150.605232238769531,0.00157,0.00012,0.00003,0.00083,0.00000,0.00015,0.00270
1663693150.638616800308228,0.00183,0.00012,0.00004,0.00083,0.00042,0.00016,0.00341
1663693150.671806335449219,0.00147,0.00014,0.00003,0.00070,0.00000,0.00016,0.00251
1663693150.705236196517944,0.00164,0.00012,0.00005,0.00056,0.00004,0.00014,0.00257
1663693150.738608121871948,0.00243,0.00014,0.00003,0.00048,0.00002,0.00015,0.00325
1663693150.771765708923340,0.00181,0.00014,0.00017,0.00048,0.00234,0.00016,0.00511
1663693150.805256366729736,0.00169,0.00013,0.00001,0.00092,0.00000,0.00014,0.00289
1663693150.838666915893555,0.00155,0.00013,0.00001,0.00094,0.00042,0.00013,0.00317
1663693150.871791362762451,0.00181,0.00012,0.00001,0.00107,0.00003,0.00014,0.00317
1663693150.905359268188477,0.00128,0.00013,0.00001,0.00100,0.00000,0.00017,0.00258
1663693150.938707590103149,0.00193,0.00013,0.00002,0.00101,0.00113,0.00014,0.00437
1663693150.971952676773071,0.00251,0.00013,0.00005,0.00121,0.00000,0.00015,0.00405
1663693151.005353450775146,0.00181,0.00012,0.00026,0.00116,0.00164,0.00014,0.00514
1663693151.038734912872314,0.00209,0.00013,0.00001,0.00175,0.00044,0.00016,0.00458
1663693151.071847438812256,0.00155,0.00013,0.00001,0.00200,0.00096,0.00016,0.00481
1663693151.105359077453613,0.00156,0.00013,0.00002,0.00178,0.00000,0.00013,0.00362
1663693151.138733148574829,0.00208,0.00015,0.00003,0.00172,0.00004,0.00015,0.00416
1663693151.171832084655762,0.00220,0.00013,0.00003,0.00119,0.00000,0.00016,0.00372
1663693151.205347299575806,0.00205,0.00012,0.00003,0.00091,0.00002,0.00017,0.00331
1663693151.238713502883911,0.00193,0.00012,0.00002,0.00089,0.00298,0.00012,0.00605
1663693151.271975040435791,0.00207,0.00013,0.00003,0.00196,0.00000,0.00013,0.00431
1663693151.305234670639038,0.00184,0.00014,0.00010,0.00159,0.00000,0.00020,0.00387
1663693151.338729858398438,0.00152,0.00013,0.00004,0.00172,0.00000,0.00020,0.00361
1663693151.372100830078125,0.00188,0.00013,0.00001,0.00168,0.00004,0.00013,0.00387
1663693151.405253410339355,0.00169,0.00013,0.00003,0.00159,0.00000,0.00014,0.00358
1663693151.438700675964355,0.00199,0.00014,0.00021,0.00154,0.00042,0.00015,0.00445
1663693151.472120046615601,0.00129,0.00012,0.00000,0.00180,0.00000,0.00019,0.00340
1663693151.505203723907471,0.00148,0.00013,0.00001,0.00171,0.00044,0.00018,0.00394
1663693151.538717031478882,0.00148,0.00013,0.00001,0.00184,0.00003,0.00013,0.00363
1663693151.572175025939941,0.00142,0.00013,0.00001,0.00186,0.00276,0.00016,0.00634
1663693151.605246305465698,0.00139,0.00015,0.00001,0.00225,0.00000,0.00011,0.00390
1663693151.638706684112549,0.00156,0.00015,0.00001,0.00279,0.00000,0.00013,0.00464
1663693151.672159671783447,0.00170,0.00013,0.00001,0.00239,0.00005,0.00010,0.00439
1663693151.705210685729980,0.00264,0.00013,0.00001,0.00229,0.00000,0.00013,0.00520
1663693151.738712310791016,0.00191,0.00014,0.00001,0.00247,0.00000,0.00013,0.00465
1663693151.772093534469604,0.00169,0.00014,0.00001,0.00227,0.00000,0.00017,0.00427
1663693151.805197954177856,0.00141,0.00017,0.00001,0.00250,0.00000,0.00012,0.00420
1663693151.838715553283691,0.00232,0.00013,0.00001,0.00226,0.00003,0.00019,0.00494
1663693151.872129678726196,0.00154,0.00014,0.00001,0.00250,0.00000,0.00013,0.00432
1663693151.905212879180908,0.00166,0.00015,0.00001,0.00230,0.00000,0.00010,0.00422
1663693151.938703060150146,0.00133,0.00015,0.00001,0.00227,0.00000,0.00009,0.00385
1663693151.972125291824341,0.00125,0.00013,0.00003,0.00215,0.00003,0.00015,0.00376
1663693152.005338430404663,0.00137,0.00013,0.00001,0.00221,0.00000,0.00015,0.00387
1663693152.038583517074585,0.00162,0.00014,0.00001,0.00224,0.00000,0.00015,0.00416
1663693152.072112321853638,0.00155,0.00013,0.00001,0.00214,0.00000,0.00011,0.00395
1663693152.105477094650269,0.00133,0.00013,0.00001,0.00224,0.00000,0.00018,0.00389
1663693152.138581991195679,0.00155,0.00015,0.00001,0.00217,0.00003,0.00012,0.00403
1663693152.172123432159424,0.00219,0.00013,0.00001,0.00398,0.00000,0.00010,0.00641
1663693152.205489397048950,0.00207,0.00014,0.00003,0.00202,0.00000,0.00012,0.00439
1663693152.238590955734253,0.00205,0.00013,0.00004,0.00218,0.00000,0.00014,0.00454
1663693152.272136688232422,0.00156,0.00013,0.00001,0.00211,0.00004,0.00026,0.00410
1663693152.305482387542725,0.00168,0.00013,0.00001,0.00208,0.00000,0.00017,0.00406
1663693152.338598966598511,0.00211,0.00013,0.00003,0.00207,0.00000,0.00013,0.00447
1663693152.372156143188477,0.00184,0.00013,0.00005,0.00213,0.00000,0.00021,0.00436
1663693152.405537366867065,0.00136,0.00013,0.00001,0.00200,0.00000,0.00014,0.00363
1663693152.438618898391724,0.00153,0.00013,0.00004,0.00199,0.00048,0.00011,0.00428
1663693152.472148895263672,0.00185,0.00013,0.00001,0.00219,0.00235,0.00012,0.00665
1663693152.505524873733521,0.00130,0.00017,0.00004,0.00266,0.00000,0.00013,0.00430
1663693152.538617610931396,0.00178,0.00014,0.00001,0.00264,0.00000,0.00018,0.00475
1663693152.572163820266724,0.00164,0.00014,0.00001,0.00286,0.00057,0.00019,0.00540
1663693152.605509281158447,0.00132,0.00014,0.00001,0.00287,0.00000,0.00012,0.00446
1663693152.638624906539917,0.00151,0.00015,0.00001,0.00275,0.00000,0.00018,0.00460
1663693152.672244548797607,0.00261,0.00017,0.00001,0.00338,0.00000,0.00017,0.00633
1663693152.705493927001953,0.00141,0.00014,0.00002,0.00262,0.00000,0.00018,0.00438
1663693152.738748311996460,0.00165,0.00015,0.00001,0.00269,0.00062,0.00016,0.00529
1663693152.772060871124268,0.00144,0.00014,0.00001,0.00288,0.00000,0.00021,0.00467
1663693152.805505037307739,0.00174,0.00014,0.00001,0.00283,0.00000,0.00013,0.00485
1663693152.838881015777588,0.00219,0.00017,0.00001,0.00287,0.00000,0.00015,0.00540
1663693152.872028589248657,0.00130,0.00014,0.00001,0.00319,0.00000,0.00012,0.00476
1663693152.905530214309692,0.00192,0.00019,0.00001,0.00277,0.00000,0.00016,0.00505
1663693152.938902139663696,0.00155,0.00019,0.00001,0.00321,0.00000,0.00014,0.00510
1663693152.972049236297607,0.00143,0.00014,0.00004,0.00273,0.00001,0.00013,0.00448
1663693153.005507946014404,0.00125,0.00014,0.00005,0.00260,0.00000,0.00019,0.00424
1663693153.038895606994629,0.00237,0.00015,0.00001,0.00257,0.00000,0.00014,0.00523
1663693153.072068929672241,0.00169,0.00019,0.00003,0.00261,0.00000,0.00017,0.00468
1663693153.105563640594482,0.00150,0.00013,0.00002,0.00235,0.00000,0.00014,0.00415
1663693153.138955116271973,0.00126,0.00015,0.00002,0.00233,0.00000,0.00013,0.00390
1663693153.172130823135376,0.00144,0.00014,0.00003,0.00242,0.00000,0.00019,0.00422
1663693153.205591201782227,0.00162,0.00015,0.00001,0.00262,0.00000,0.00014,0.00454
1663693153.238998174667358,0.00164,0.00015,0.00001,0.00248,0.00000,0.00012,0.00440
1663693153.272135257720947,0.00177,0.00019,0.00001,0.00272,0.00000,0.00017,0.00486
1663693153.305632114410400,0.00159,0.00016,0.00001,0.00263,0.00000,0.00016,0.00454
1663693153.339032649993896,0.00209,0.00015,0.00003,0.00229,0.00000,0.00013,0.00470
1663693153.372312545776367,0.00254,0.00017,0.00004,0.00226,0.00000,0.00015,0.00516
1663693153.405690193176270,0.00183,0.00014,0.00011,0.00181,0.00000,0.00015,0.00403
1663693153.439079284667969,0.00146,0.00013,0.00014,0.00188,0.00002,0.00017,0.00381
1663693153.472423315048218,0.00142,0.00018,0.00003,0.00172,0.00000,0.00012,0.00347
1663693153.505588293075562,0.00174,0.00012,0.00001,0.00172,0.00000,0.00015,0.00375
1663693153.539108514785767,0.00149,0.00013,0.00006,0.00150,0.00002,0.00014,0.00333
1663693153.572502851486206,0.00151,0.00012,0.00001,0.00147,0.00000,0.00017,0.00327
1663693153.605628252029419,0.00246,0.00015,0.00002,0.00137,0.00000,0.00018,0.00417
1663693153.639137983322144,0.00212,0.00013,0.00001,0.00117,0.00218,0.00023,0.00583
1663693153.672921895980835,0.00157,0.00012,0.00004,0.00174,0.00003,0.00014,0.00364
1663693153.705667495727539,0.00145,0.00013,0.00001,0.00197,0.00000,0.00019,0.00374
1663693153.739163637161255,0.00153,0.00017,0.00001,0.00177,0.00094,0.00012,0.00455
1663693153.772547960281372,0.00176,0.00014,0.00001,0.00218,0.00000,0.00022,0.00430
1663693153.805674552917480,0.00174,0.00015,0.00006,0.00189,0.00001,0.00011,0.00396
1663693153.839174032211304,0.00230,0.00014,0.00001,0.00187,0.00003,0.00014,0.00449
1663693153.872604370117188,0.00137,0.00013,0.00002,0.00204,0.00000,0.00015,0.00371
1663693153.905680656433105,0.00222,0.00013,0.00006,0.00183,0.00000,0.00017,0.00439
1663693153.939196825027466,0.00131,0.00015,0.00001,0.00188,0.00012,0.00014,0.00361
1663693153.972578287124634,0.00190,0.00012,0.00001,0.00206,0.00049,0.00021,0.00479
1663693154.005712509155273,0.00168,0.00013,0.00003,0.00206,0.00000,0.00015,0.00405
1663693154.039226770401001,0.00167,0.00013,0.00001,0.00191,0.00000,0.00013,0.00385
1663693154.072626829147339,0.00182,0.00013,0.00005,0.00197,0.00000,0.00011,0.00407
1663693154.105853080749512,0.00134,0.00013,0.00006,0.00181,0.00030,0.00015,0.00380
1663693154.139106512069702,0.00194,0.00013,0.00001,0.00173,0.00003,0.00013,0.00397
1663693154.172643899917603,0.00197,0.00012,0.00005,0.00192,0.00002,0.00017,0.00425
1663693154.206002235412598,0.00145,0.00012,0.00004,0.00171,0.00000,0.00014,0.00346
1663693154.239134550094604,0.00245,0.00017,0.00001,0.00196,0.00007,0.00017,0.00483
1663693154.272636651992798,0.00233,0.00014,0.00002,0.00191,0.00003,0.00013,0.00457
1663693154.306012153625488,0.00187,0.00013,0.00001,0.00185,0.00000,0.00013,0.00399
1663693154.339147329330444,0.00128,0.00015,0.00004,0.00173,0.00000,0.00011,0.00331
1663693154.372659921646118,0.00185,0.00013,0.00003,0.00189,0.00000,0.00015,0.00405
1663693154.406047344207764,0.00149,0.00013,0.00001,0.00173,0.00006,0.00016,0.00358
1663693154.439162731170654,0.00126,0.00014,0.00001,0.00175,0.00004,0.00017,0.00336
1663693154.472674369812012,0.00164,0.00012,0.00001,0.00184,0.00004,0.00013,0.00378
1663693154.506046533584595,0.00168,0.00014,0.00001,0.00176,0.00007,0.00015,0.00381
1663693154.539165496826172,0.00198,0.00013,0.00001,0.00175,0.00005,0.00012,0.00403
1663693154.572788476943970,0.00155,0.00013,0.00001,0.00189,0.00004,0.00012,0.00374
1663693154.606050491333008,0.00174,0.00013,0.00001,0.00174,0.00000,0.00015,0.00377
1663693154.639183759689331,0.00220,0.00013,0.00005,0.00168,0.00000,0.00014,0.00420
1663693154.672690153121948,0.00203,0.00017,0.00001,0.00177,0.00000,0.00014,0.00411
1663693154.706174135208130,0.00157,0.00012,0.00006,0.00165,0.00003,0.00017,0.00359
1663693154.739188432693481,0.00142,0.00012,0.00003,0.00174,0.00003,0.00013,0.00347
1663693154.772681474685669,0.00211,0.00013,0.00005,0.00186,0.00003,0.00024,0.00442
1663693154.806056737899780,0.00247,0.00016,0.00005,0.00164,0.00000,0.00015,0.00447
1663693154.839324951171875,0.00193,0.00013,0.00005,0.00151,0.00003,0.00014,0.00380
1663693154.872565031051636,0.00200,0.00013,0.00005,0.00157,0.00003,0.00016,0.00394
1663693154.906080245971680,0.00171,0.00013,0.00001,0.00157,0.00000,0.00023,0.00365
1663693154.939455032348633,0.00184,0.00014,0.00001,0.00158,0.00120,0.00015,0.00493
1663693154.972592592239380,0.00140,0.00013,0.00001,0.00193,0.00000,0.00019,0.00365
1663693155.006080150604248,0.00134,0.00013,0.00003,0.00204,0.00003,0.00019,0.00376
1663693155.039464712142944,0.00146,0.00013,0.00003,0.00175,0.00004,0.00015,0.00356
1663693155.072610378265381,0.00149,0.00012,0.00001,0.00174,0.00004,0.00016,0.00356
1663693155.106096982955933,0.00154,0.00013,0.00001,0.00173,0.00000,0.00014,0.00355
1663693155.139469146728516,0.00189,0.00012,0.00001,0.00171,0.00005,0.00011,0.00388
1663693155.172603845596313,0.00182,0.00012,0.00001,0.00179,0.00004,0.00014,0.00392
1663693155.206099987030029,0.00188,0.00012,0.00001,0.00181,0.00000,0.00019,0.00401
1663693155.239465236663818,0.00132,0.00013,0.00001,0.00216,0.00010,0.00016,0.00388
1663693155.272593259811401,0.00159,0.00012,0.00001,0.00204,0.00000,0.00014,0.00389
1663693155.306089162826538,0.00199,0.00017,0.00001,0.00185,0.00004,0.00019,0.00424
1663693155.339457511901855,0.00147,0.00018,0.00001,0.00187,0.00004,0.00013,0.00369
1663693155.372601747512817,0.00174,0.00013,0.00001,0.00182,0.00004,0.00015,0.00388
1663693155.406059503555298,0.00161,0.00013,0.00001,0.00176,0.00000,0.00016,0.00366
1663693155.439460992813110,0.00150,0.00013,0.00001,0.00172,0.00005,0.00014,0.00354
1663693155.472605943679810,0.00186,0.00012,0.00001,0.00171,0.00004,0.00016,0.00390
1663693155.506212472915649,0.00143,0.00013,0.00002,0.00176,0.00000,0.00018,0.00353
1663693155.539490699768066,0.00184,0.00014,0.00001,0.00180,0.00011,0.00013,0.00403
1663693155.572747707366943,0.00132,0.00013,0.00001,0.00180,0.00000,0.00015,0.00341
1663693155.605996131896973,0.00144,0.00013,0.00001,0.00178,0.00004,0.00013,0.00352
1663693155.639491558074951,0.00145,0.00014,0.00001,0.00170,0.00004,0.00013,0.00347
1663693155.672877550125122,0.00160,0.00012,0.00001,0.00186,0.00005,0.00013,0.00377
1663693155.706000328063965,0.00185,0.00012,0.00001,0.00167,0.00000,0.00018,0.00383
1663693155.739483594894409,0.00146,0.00013,0.00001,0.00169,0.00005,0.00015,0.00349
1663693155.772875070571899,0.00196,0.00014,0.00001,0.00212,0.00004,0.00022,0.00450
1663693155.805985927581787,0.00187,0.00014,0.00001,0.00184,0.00000,0.00014,0.00400
1663693155.839499235153198,0.00148,0.00013,0.00001,0.00174,0.00011,0.00014,0.00362
1663693155.872879743576050,0.00136,0.00014,0.00002,0.00183,0.00000,0.00014,0.00349
1663693155.905988216400146,0.00211,0.00012,0.00001,0.00185,0.00004,0.00012,0.00426
1663693155.939490795135498,0.00168,0.00014,0.00001,0.00179,0.00004,0.00011,0.00377
1663693155.972887992858887,0.00261,0.00012,0.00002,0.00162,0.00050,0.00015,0.00503
1663693156.006006479263306,0.00145,0.00013,0.00001,0.00185,0.00000,0.00015,0.00359
1663693156.039499759674072,0.00169,0.00013,0.00001,0.00178,0.00047,0.00017,0.00425
1663693156.072887897491455,0.00179,0.00012,0.00002,0.00178,0.00044,0.00013,0.00429
1663693156.106014013290405,0.00133,0.00013,0.00001,0.00199,0.00000,0.00015,0.00360
1663693156.139504671096802,0.00132,0.00015,0.00002,0.00206,0.00200,0.00013,0.00568
1663693156.172930479049683,0.00199,0.00014,0.00001,0.00227,0.00000,0.00014,0.00454
1663693156.205988883972168,0.00189,0.00021,0.00003,0.00224,0.00053,0.00009,0.00500
1663693156.239512205123901,0.00231,0.00015,0.00001,0.00246,0.00050,0.00014,0.00556
1663693156.272885799407959,0.00194,0.00013,0.00001,0.00252,0.00000,0.00012,0.00472
1663693156.306125402450562,0.00143,0.00014,0.00001,0.00259,0.00000,0.00018,0.00435
1663693156.339381217956543,0.00131,0.00017,0.00001,0.00255,0.00051,0.00013,0.00468
1663693156.372886419296265,0.00210,0.00016,0.00002,0.00323,0.00000,0.00013,0.00565
1663693156.406249046325684,0.00141,0.00013,0.00003,0.00255,0.00000,0.00018,0.00431
1663693156.439376354217529,0.00280,0.00015,0.00001,0.00260,0.00000,0.00015,0.00570
1663693156.472895622253418,0.00171,0.00014,0.00001,0.00277,0.00000,0.00016,0.00479
1663693156.506273746490479,0.00204,0.00017,0.00001,0.00258,0.00000,0.00013,0.00493
1663693156.539411783218384,0.00169,0.00014,0.00001,0.00252,0.00000,0.00014,0.00450
1663693156.572907686233521,0.00191,0.00015,0.00001,0.00290,0.00000,0.00015,0.00513
1663693156.606248378753662,0.00184,0.00015,0.00001,0.00266,0.00000,0.00012,0.00479
1663693156.639379262924194,0.00165,0.00014,0.00001,0.00247,0.00000,0.00014,0.00441
1663693156.672956943511963,0.00146,0.00013,0.00004,0.00246,0.00002,0.00014,0.00425
1663693156.706257581710815,0.00239,0.00014,0.00001,0.00253,0.00000,0.00012,0.00519
1663693156.739364862442017,0.00180,0.00014,0.00002,0.00233,0.00000,0.00013,0.00442
1663693156.772888898849487,0.00169,0.00016,0.00006,0.00221,0.00000,0.00018,0.00431
1663693156.806258201599121,0.00129,0.00013,0.00003,0.00239,0.00004,0.00012,0.00401
1663693156.839367389678955,0.00195,0.00014,0.00003,0.00222,0.00000,0.00015,0.00449
1663693156.872871637344360,0.00171,0.00013,0.00001,0.00230,0.00000,0.00013,0.00427
1663693156.906249761581421,0.00203,0.00015,0.00005,0.00233,0.00000,0.00015,0.00471
1663693156.939361810684204,0.00194,0.00014,0.00001,0.00259,0.00000,0.00015,0.00482
1663693156.972876071929932,0.00207,0.00013,0.00006,0.00224,0.00098,0.00015,0.00562
1663693157.006247282028198,0.00166,0.00017,0.00002,0.00248,0.00000,0.00014,0.00447
1663693157.039662837982178,0.00255,0.00019,0.00001,0.00231,0.00000,0.00022,0.00528
1663693157.072757482528687,0.00160,0.00014,0.00014,0.00290,0.00000,0.00016,0.00494
1663693157.106245040893555,0.00183,0.00013,0.00001,0.00232,0.00050,0.00017,0.00496
1663693157.139608383178711,0.00196,0.00015,0.00028,0.00225,0.00000,0.00021,0.00485
1663693157.172839403152466,0.00183,0.00016,0.00004,0.00231,0.00000,0.00026,0.00460
1663693157.206234216690063,0.00128,0.00014,0.00003,0.00247,0.00104,0.00016,0.00512
1663693157.239621400833130,0.00176,0.00014,0.00001,0.00242,0.00000,0.00014,0.00445
1663693157.272754430770874,0.00165,0.00013,0.00003,0.00253,0.00000,0.00012,0.00446
1663693157.306237936019897,0.00166,0.00015,0.00001,0.00253,0.00000,0.00014,0.00448
1663693157.339613914489746,0.00142,0.00014,0.00001,0.00245,0.00000,0.00013,0.00416
1663693157.372754573822021,0.00142,0.00014,0.00001,0.00262,0.00000,0.00018,0.00436
1663693157.406310081481934,0.00144,0.00014,0.00001,0.00231,0.00000,0.00013,0.00402
1663693157.439600944519043,0.00149,0.00014,0.00007,0.00278,0.00001,0.00014,0.00463
1663693157.472759008407593,0.00192,0.00012,0.00006,0.00243,0.00000,0.00024,0.00477
1663693157.506213903427124,0.00251,0.00013,0.00002,0.00241,0.00000,0.00032,0.00539
1663693157.539589405059814,0.00280,0.00014,0.00007,0.00224,0.00000,0.00015,0.00541
1663693157.572727441787720,0.00251,0.00014,0.00018,0.00215,0.00000,0.00020,0.00519
1663693157.606241941452026,0.00140,0.00013,0.00026,0.00211,0.00000,0.00016,0.00405
1663693157.639596462249756,0.00191,0.00013,0.00001,0.00202,0.00000,0.00019,0.00426
1663693157.672889471054077,0.00231,0.00014,0.00024,0.00213,0.00000,0.00024,0.00506
1663693157.706088542938232,0.00167,0.00013,0.00001,0.00202,0.00000,0.00017,0.00400
1663693157.739591598510742,0.00178,0.00013,0.00001,0.00192,0.00003,0.00019,0.00405
1663693157.772967576980591,0.00184,0.00013,0.00024,0.00202,0.00000,0.00019,0.00441
1663693157.806074380874634,0.00189,0.00013,0.00001,0.00205,0.00280,0.00015,0.00703
1663693157.839586496353149,0.00134,0.00014,0.00003,0.00249,0.00000,0.00017,0.00417
1663693157.872988224029541,0.00153,0.00013,0.00001,0.00250,0.00000,0.00018,0.00435
1663693157.906090497970581,0.00183,0.00013,0.00001,0.00250,0.00000,0.00017,0.00464
1663693157.939733266830444,0.00158,0.00014,0.00001,0.00245,0.00000,0.00013,0.00430
1663693157.973021507263184,0.00158,0.00012,0.00001,0.00244,0.00000,0.00017,0.00431
1663693158.006051540374756,0.00202,0.00014,0.00004,0.00254,0.00000,0.00019,0.00492
1663693158.039596557617188,0.00205,0.00018,0.00001,0.00256,0.00003,0.00014,0.00497
1663693158.072999715805054,0.00178,0.00013,0.00001,0.00254,0.00000,0.00018,0.00463
1663693158.106062650680542,0.00255,0.00015,0.00006,0.00252,0.00008,0.00015,0.00551
1663693158.139572143554688,0.00184,0.00015,0.00001,0.00226,0.00000,0.00013,0.00439
1663693158.173018217086792,0.00192,0.00013,0.00002,0.00234,0.00001,0.00015,0.00457
1663693158.206046342849731,0.00138,0.00014,0.00001,0.00231,0.00000,0.00013,0.00396
1663693158.239564657211304,0.00159,0.00013,0.00001,0.00236,0.00000,0.00016,0.00424
1663693158.272952795028687,0.00139,0.00013,0.00004,0.00223,0.00000,0.00015,0.00394
1663693158.306057453155518,0.00130,0.00013,0.00001,0.00241,0.00000,0.00013,0.00398
1663693158.339582681655884,0.00197,0.00014,0.00001,0.00220,0.00003,0.00014,0.00449
1663693158.372970581054688,0.00210,0.00013,0.00001,0.00214,0.00000,0.00017,0.00454
1663693158.406188488006592,0.00129,0.00014,0.00002,0.00223,0.00009,0.00014,0.00391
1663693158.439441442489624,0.00169,0.00013,0.00001,0.00205,0.00000,0.00015,0.00402
1663693158.472945451736450,0.00149,0.00013,0.00003,0.00210,0.00002,0.00010,0.00386
1663693158.506287336349487,0.00135,0.00013,0.00001,0.00215,0.00000,0.00016,0.00379
1663693158.539388895034790,0.00144,0.00014,0.00001,0.00242,0.00000,0.00014,0.00415
1663693158.572939157485962,0.00196,0.00014,0.00001,0.00240,0.00000,0.00016,0.00467
1663693158.606251955032349,0.00131,0.00013,0.00001,0.00216,0.00000,0.00014,0.00375
1663693158.639383316040039,0.00155,0.00013,0.00001,0.00216,0.00003,0.00014,0.00402
1663693158.672925233840942,0.00144,0.00013,0.00001,0.00205,0.00000,0.00016,0.00378
1663693158.706392526626587,0.00161,0.00013,0.00001,0.00214,0.00010,0.00014,0.00414
1663693158.739379167556763,0.00162,0.00014,0.00001,0.00207,0.00000,0.00010,0.00394
1663693158.772892951965332,0.00180,0.00013,0.00001,0.00203,0.00002,0.00012,0.00412
1663693158.806238412857056,0.00160,0.00014,0.00001,0.00208,0.00000,0.00014,0.00396
1663693158.839344978332520,0.00171,0.00013,0.00001,0.00133,0.00000,0.00014,0.00331
1663693158.872818946838379,0.00193,0.00014,0.00013,0.00117,0.00020,0.00021,0.00378
1663693158.906188011169434,0.00125,0.00012,0.00002,0.00105,0.00002,0.00028,0.00275
1663693158.939285993576050,0.00160,0.00012,0.00002,0.00100,0.00005,0.00015,0.00294
1663693158.972799539566040,0.00132,0.00011,0.00001,0.00097,0.00000,0.00016,0.00258
1663693159.006149053573608,0.00144,0.00012,0.00001,0.00112,0.00011,0.00014,0.00295
1663693159.039283037185669,0.00206,0.00014,0.00001,0.00112,0.00000,0.00015,0.00348
1663693159.072795391082764,0.00145,0.00011,0.00001,0.00103,0.00003,0.00014,0.00277
1663693159.106150865554810,0.00128,0.00012,0.00001,0.00103,0.00000,0.00022,0.00265
1663693159.139398097991943,0.00148,0.00013,0.00002,0.00091,0.00000,0.00019,0.00272
1663693159.172668695449829,0.00133,0.00012,0.00001,0.00119,0.00015,0.00015,0.00295
1663693159.206160545349121,0.00239,0.00013,0.00001,0.00103,0.00004,0.00018,0.00378
1663693159.239527225494385,0.00180,0.00012,0.00004,0.00088,0.00011,0.00016,0.00310
1663693159.272684574127197,0.00130,0.00012,0.00002,0.00087,0.00000,0.00016,0.00247
1663693159.309266090393066,0.00157,0.00012,0.00001,0.00092,0.00009,0.00013,0.00284
1663693159.372655630111694,0.00152,0.00017,0.00001,0.00090,0.00000,0.00023,0.00283
1663693159.406135797500610,0.00177,0.00017,0.00001,0.00090,0.00004,0.00016,0.00305
1663693159.439532756805420,0.00134,0.00013,0.00001,0.00090,0.00000,0.00018,0.00255
1663693159.472868442535400,0.00161,0.00011,0.00001,0.00091,0.00000,0.00016,0.00279
1663693159.506149053573608,0.00143,0.00012,0.00001,0.00096,0.00017,0.00019,0.00288
1663693159.539505243301392,0.00129,0.00013,0.00001,0.00093,0.00015,0.00017,0.00268
1663693159.572924137115479,0.00130,0.00011,0.00001,0.00090,0.00015,0.00021,0.00268
1663693159.606146097183228,0.00177,0.00013,0.00001,0.00094,0.00000,0.00015,0.00300
1663693159.639543056488037,0.00134,0.00014,0.00001,0.00096,0.00009,0.00019,0.00273
1663693159.672658443450928,0.00145,0.00011,0.00001,0.00090,0.00000,0.00023,0.00270
1663693159.706152439117432,0.00129,0.00012,0.00001,0.00093,0.00004,0.00042,0.00281
1663693159.739531755447388,0.00175,0.00013,0.00001,0.00094,0.00000,0.00018,0.00300
1663693159.772673606872559,0.00166,0.00017,0.00002,0.00154,0.00000,0.00036,0.00375
1663693159.806143999099731,0.00183,0.00012,0.00001,0.00095,0.00015,0.00019,0.00324
1663693159.839538812637329,0.00135,0.00013,0.00001,0.00093,0.00017,0.00015,0.00273
1663693159.872778177261353,0.00183,0.00011,0.00001,0.00093,0.00015,0.00016,0.00320
1663693159.906019210815430,0.00145,0.00012,0.00001,0.00089,0.00000,0.00020,0.00268
1663693159.939775466918945,0.00125,0.00013,0.00001,0.00092,0.00009,0.00016,0.00257
1663693159.972898244857788,0.00147,0.00013,0.00001,0.00102,0.00000,0.00022,0.00285
1663693160.006022691726685,0.00169,0.00012,0.00001,0.00101,0.00004,0.00018,0.00305
1663693160.039647579193115,0.00127,0.00015,0.00001,0.00090,0.00000,0.00020,0.00252
1663693160.072910785675049,0.00136,0.00011,0.00001,0.00092,0.00000,0.00017,0.00256
1663693160.106024742126465,0.00127,0.00012,0.00001,0.00098,0.00015,0.00017,0.00269
1663693160.139527082443237,0.00129,0.00016,0.00001,0.00090,0.00016,0.00014,0.00266
1663693160.172902107238770,0.00175,0.00012,0.00001,0.00088,0.00012,0.00019,0.00305
1663693160.206027269363403,0.00132,0.00012,0.00001,0.00091,0.00000,0.00018,0.00254
1663693160.239512205123901,0.00134,0.00013,0.00001,0.00101,0.00011,0.00027,0.00287
1663693160.272906541824341,0.00131,0.00012,0.00001,0.00089,0.00000,0.00015,0.00249
1663693160.306060552597046,0.00128,0.00016,0.00001,0.00128,0.00004,0.00019,0.00296
1663693160.339518785476685,0.00163,0.00013,0.00001,0.00142,0.00000,0.00019,0.00338
1663693160.372908830642700,0.00198,0.00012,0.00001,0.00094,0.00000,0.00016,0.00322
1663693160.406044721603394,0.00141,0.00012,0.00001,0.00093,0.00014,0.00014,0.00276
1663693160.439530134201050,0.00147,0.00012,0.00001,0.00092,0.00014,0.00018,0.00284
1663693160.472921133041382,0.00158,0.00012,0.00001,0.00093,0.00013,0.00016,0.00293
1663693160.506159305572510,0.00165,0.00012,0.00001,0.00094,0.00000,0.00023,0.00295
1663693160.539402246475220,0.00126,0.00017,0.00001,0.00088,0.00008,0.00016,0.00257
1663693160.572910308837891,0.00142,0.00013,0.00001,0.00093,0.00000,0.00022,0.00271
1663693160.606273412704468,0.00128,0.00012,0.00001,0.00091,0.00006,0.00017,0.00255
1663693160.639409542083740,0.00169,0.00013,0.00001,0.00088,0.00000,0.00016,0.00286
1663693160.672908544540405,0.00158,0.00012,0.00002,0.00089,0.00000,0.00015,0.00275
1663693160.706291675567627,0.00138,0.00014,0.00001,0.00093,0.00014,0.00018,0.00278
